 #s  #p   Year  Method  RHF_Energy         Exponents
========================================================
 3s  2p   2023  SLSQP  -459.75684240036276 [9.5045827955887916e+01,4.4881042475048387e+00,3.9799528004692630e-01,8.5469650038718257e+00,4.8929328703550412e-01]
 3s  3p   2023  SLSQP* -474.82188584919520 [9.4336448728829268e+01,4.3792065755392304e+00,3.9602754613751207e-01,3.0108199280832128e+01,6.1393781325590453e+00,4.8413724080496556e-01]
 4s  2p   2023  SLSQP  -499.01658725047594 [4.5820650117923668e+02,6.8360631861859034e+01,4.6647996209811691e+00,3.9711619128280629e-01,8.5710114329191196e+00,4.8957520672686805e-01]
 5s  2p   2023  SLSQP  -505.92251196206416 [1.5735952963858392e+03,2.3761303919145971e+02,5.2332977870138201e+01,4.7281081235122091e+00,3.9325830426169639e-01,8.5907170030661746e+00,4.9039633283239870e-01]
 6s  2p   2023  SLSQP  -507.31044174263366 [4.5476253398322024e+03,6.8630785798847160e+02,1.5555024230205126e+02,4.2742815896802767e+01,4.7505784169783016e+00,3.9162204394177752e-01,8.5974230426361959e+00,4.9072756124177219e-01]
 7s  2p   2023  SLSQP  -507.62194715032260 [1.8354961655666553e+04,2.2321569373256953e+03,4.5777843088607506e+02,1.2189136988757589e+02,3.7618460714610308e+01,4.7411562274897623e+00,3.9118886400018660e-01,8.5986702324693809e+00,4.9085158086350911e-01]
 8s  2p   2023* SLSQP  -507.63132070183890 [7.3419862888950534e+04,1.8354415279684519e+04,2.2337565691104060e+03,4.5509411588185179e+02,1.2132000689951782e+02,3.7517668969809321e+01,4.7408530341284303e+00,3.9118871783972831e-01,8.5986666061044215e+00,4.9085282207620301e-01]
 9s  2p   2023* SLSQP  -507.63947559328220 [2.9367945083858178e+05,7.3419865393677101e+04,1.8353927627435987e+04,2.2341424145819028e+03,4.5688904996449571e+02,1.2173317272260677e+02,3.7593061247508530e+01,4.7412722556720146e+00,3.9120358491841306e-01,8.5986297237246045e+00,4.9084868336327880e-01]
10s  2p   2023* SLSQP  -507.63955359052820 [1.1747178033543271e+06,2.9367945083858178e+05,7.3419865393677101e+04,1.8353927627435987e+04,2.2341424145819028e+03,4.5688904996449571e+02,1.2173317272260677e+02,3.7593061247508530e+01,4.7412722556720146e+00,3.9120358491841306e-01,8.5986297237246045e+00,4.9084868336327880e-01]
11s  2p   2023* SLSQP  -507.63971760677026 [4.6988712134173084e+06,1.1747178033543271e+06,2.9367945083858178e+05,7.3419865393677101e+04,1.8353927627435987e+04,2.2341424145819028e+03,4.5688904996449571e+02,1.2173317272260677e+02,3.7593061247508530e+01,4.7412722556720146e+00,3.9120358491841306e-01,8.5986297237246045e+00,4.9084868336327880e-01]
12s  2p   2023* SLSQP  -507.63971783611350 [1.8795484853669234e+07,4.6988712134173084e+06,1.1747178033543271e+06,2.9367945083858178e+05,7.3419865393677101e+04,1.8353927627435987e+04,2.2341424145819028e+03,4.5688904996449571e+02,1.2173317272260677e+02,3.7593061247508530e+01,4.7412722556720146e+00,3.9120358491841306e-01,8.5986297237246045e+00,4.9084868336327880e-01]
12s  2p   2023  BFGS   -507.66645138517300 numpy.linalg.LinAlgError: Matrix is singular
 8s  2p   2023  SLSQP  -507.68053113856750 [7.3434048430985667e+03,1.8377323914102573e+04,1.4118365138480469e+03,3.3286641093852631e+02,9.7106731989509825e+01,3.2811638314040472e+01,4.7064342197545095e+00,3.9098298955915772e-01,8.5990340665191276e+00,4.9099229757730323e-01]
 8s  2p   2023  BFGS   -507.69792951525200 numpy.linalg.LinAlgError: Matrix is singular (new exponent was negative!)
 9s  2p   2023* SLSQP  -506.72484864024204 [3.6755252779566872e+04,7.3328409614953716e+03,1.8377197410580800e+04,1.2386400874330729e+03,2.9770806687602374e+02,8.8272004261542506e+01,3.0631871013865855e+01,4.6828745677825925e+00,3.9100898581796761e-01,8.5988994657420257e+00,4.9105418528035344e-01]
10s  2p   2023* SLSQP  -507.72659106392530 [7.3510509019485355e+04,3.6755241729451518e+04,7.3322023265795242e+03,1.8377178730690110e+04,1.2395304233993782e+03,2.9662445903440522e+02,8.7882337825863516e+01,3.0519608730932482e+01,4.6816032861701418e+00,3.9101012796318307e-01,8.5988947616620912e+00,4.9105737343897388e-01] 
11s  2p   2023* SLSQP  -507.73280174760725 [1.4702101782581155e+05,7.3510507976032939e+04,3.6755234472949749e+04,7.3318021734695621e+03,1.8377161218510078e+04,1.2389777727143498e+03,2.9819001594010280e+02,8.8430468748019706e+01,3.0676681173089506e+01,4.6834518331880934 e+00,3.9101606979807535e-01,8.5988787479386612e+00,4.9105109461223539e-01]
13s  2p   2023* SLSQP  -507.73382067899780 [5.8808407130324619e+05,2.9404203565162310e+05,1.4702101782581155e+05,7.3510507976032939e+04,3.6755234472949749e+04,7.3318021734695621e+03,1.8377161218510078e+04,1.2389777727143498e+03,2.9819001594010280e+02,8.8430468748019706e+01,3.0676681173089506e+01,4.6834518331880934e+00,3.9101606979807535e-01,8.5988787479386612e+00,4.9105109461223539e-01]
14s  2p   2023* SLSQP  -507.73382271676100 [1.1761681426064924e+06,5.8808407130324619e+05,2.9404203565162310e+05,1.4702101782581155e+05,7.3510507976032939e+04,3.6755234472949749e+04,7.3318021734695621e+03,1.8377161218510078e+04,1.2389777727143498e+03,2.9819001594010280e+02,8.8430468748019706e+01,3.0676681173089506e+01,4.6834518331880934e+00,3.9101606979807535e-01,8.5988787479386612e+00,4.9105109461223539e-01]
 8s  2p   2023  BFGS   -507.80437316248600 numpy.linalg.LinAlgError: Matrix is singular
15s  2p   2023* SLSQP  -507.94450697445270 [3.9662985218096719e-01,1.1761681426189772e+06,5.8808406999310525e+05,2.9404203113500844e+05,1.4702099216003876e+05,7.3510421021479298e+04,3.6754720314889608e+04,7.3034926841796469e+03,1.8375810788940234e+04,1.4497775922494905e+03,3.7396061001215691e+02,1.1332666148932557e+02,3.7764660281877305e+01,8.0899613622990518e+00,3.2048678927685397e+00,8.6038733922010611e+00,4.9300527833284941e-01]
16s  2p   2023* SLSQP  -507.94503253227026 [1.1761681424230179e+05,3.9663197410767775e-01,1.1761681426188892e+06,5.8808406999257731e+05,2.9404203113195952e+05,1.4702099214808299e+05,7.3510420971812651e+04,3.6754720047599032e+04,7.3034758786067814e+03,1.8375810215251393e+04,1.4497493176266319e+03,3.7402470747543651e+02,1.1325921993227522e+02,3.7742420726359853e+01,8.0882397218522861e+00,3.2040571457499500e+00,8.6038775469600708e+00,4.9300595703824823e-01]
17s  2p   2023* SLSQP  -507.97315470425700 [2.6453537393791565e-01,1.1761681386811525e+05,6.7213618389299667e-01,1.1761681426172440e+06,5.8808406998251204e+05,2.9404203107373771e+05,1.4702099191980762e+05,7.3510420023613915e+04,3.6754714941487342e+04,7.3031550692213132e+03,1.8375799287245609e+04,1.4490839289042649e+03,3.7637972169371852e+02,1.1455716733776340e+02,3.8288733849518216e+01,8.4259976621495678e+00,3.3823911792214205e+00,8.6035310324053569e+00,4.9256484046045590e-01]
18s  2p   2023  SLSQP  -507.98937259874833 [2.4939369593029800e-01,6.4965930406921546e-01,1.1761681288988463e+05,3.0340079600687115e+00,1.1761681426134550e+06,5.8808406995657098e+05,2.9404203092149430e+05,1.4702099132355020e+05,7.3510417549359685e+04,3.6754701541204631e+04,7.3023218969695617e+03,1.8375771355655528e+04,1.4435257178422494e+03,4.1736195585201131e+02,1.4778394782889714e+02,5.8452975712341704e+01,2.4557639103353178e+01,7.5771495121088490e+00,8.6041045003554437e+00,4.9269916590491081e-01]
19s  2p   2023* SLSQP  -507.99101258661810 [2.3896955159581984e-01,6.3040870185284748e-01,2.3586966920470505e+00,1.1761681029051459e+05,5.1361644435843017e+00,1.1761681425961209e+06,5.8808406988190266e+05,2.9404203051830985e+05,1.4702098973058490e+05,7.3510410897451555e+04,3.6754666842236838e+04,7.3001336739242206e+03,1.8375686314671264e+04,1.4602289876972197e+03,4.1760141138534084e+02,1.5385144158296029e+02,6.6838534149797937e+01,3.0098788773506467e+01,1.0762627814281123e+01,8.6042496417121157e+00,4.9274585809853472e-01]
20s  20   2023* NM     -507.99989945195034 [4.4209166337722875e+06,2.4017812136324845e-01,6.3338815877869958e-01,2.3576899626353276e+00,1.4034090241006030e+04,5.1485007512737013e+00,7.5291246417681046e+04,8.1980462357857358e+05,4.3987896722239046e+05,3.9161527053802158e+05,1.5211258646160556e+05,3.0818595550195212e+04,2.5682348666426178e+03,6.4096104424792029e+03,1.0084096699402580e+03,4.0467447205567078e+02,1.6637837123613690e+02,7.0473767878155741e+01,3.0461273522549035e+01,1.0884917411412040e+01,8.6040755031987004e+00,4.9276148135898423e-01]

* previous exponents barely changed
