#s  Year  Method  ROHF_Energy         Exponents
========================================================
 1s 2023  
 2s 2023  
 3s 2023              
 4s 1977          -7.376906          34.882736           5.179275           1.051753           0.047743
 4s 2023 NM       -7.376905979222338 34.86771805654526, 5.177654828960839, 1.0515623681336546, 0.04773668873398643
 5s 1977          -7.418181
 5s 2023 NM       -7.418181370697885 99.9621375840385, 15.054821809310441, 3.302634381341261, 0.8363509887759792, 0.04764216950363403
 6s 1977          -7.427859
 6s 2023 NM       -7.42785901730559  261.83191316118376, 39.40222900437904, 8.902682475544555, 2.4057382603015673, 0.7055826321769232, 0.047794633051508786
 7s 1977          -7.429359
 7s 2023 NM       -7.430323769582727 642.8849396658597, 96.57581576737732, 21.963409981794655, 6.138934826649395, 1.9051320182865632, 0.6214588311562119, 0.047877858823570325
 8s 1977          -7.431751
 8s 2023 NM       -7.431751160654725 650.4542466101991, 97.70804777821769, 22.218804785524085, 6.210298346328687, 1.9290069188000634, 0.6326376651178973, 0.07249964547698784, 0.028125542994877233
 9s 1977          -7.432413
 9s 2023 NM       -7.432420078948111 1498.8492509032958, 224.88272837340992, 51.179106991294404, 14.45169559517938, 4.630277272411363, 1.590004521844038, 0.5654883474249839, 0.07340830054689686, 0.028041012210040052
10s 1977          -7.432572
10s 2023 NM       -7.4326185289483   3318.605831310164, 497.5349703964171, 113.23492632543031, 32.047929754415776, 10.404165230702937, 3.676379588926104, 1.3647337039600322, 0.5173130053357038, 0.07442831867674052, 0.02819910961007656
11s 1977          -7.432643
11s 2023 NM       -7.432680526174329 7099.3285784164555, 1063.8254399798561, 242.11213203969953, 68.5573178199292, 22.34036688385765, 8.013474727132278, 3.0536926895634973, 1.207576328136379, 0.48202197697315163, 0.07509605362275243, 0.02831875279746184
12s 1977          -7.432690
12s 2023 NM       -7.43270086367949  14649.689464425272, 2194.5554881337084, 499.44849706163257, 141.45181979160117, 46.13743394220581, 16.636632867177397, 6.442924757302334, 2.6124819169580675, 1.0907328189751846, 0.4550833495233929, 0.0754283482857613, 0.028370723867446206
13s 1977          -7.432710
13s 1989          -7.432716
13s 2023 NM       -7.432707967540199 28423.377721959907, 4256.92200450737, 968.7818960170791, 274.402180495214, 89.53058192340134, 32.33463924961566, 12.609235508309688, 5.203612901910683, 2.2338193642273607, 0.9849550583329942, 0.4302426304651561, 0.07551032351539508, 0.028365354023301433
14s 1989          -7.432723
14s 2023 NM       -7.43272263801089  29497.95639392118, 4416.982624634318, 1005.1928960829466, 284.6988650315821, 92.8653797246573, 33.51076951598539, 13.041134195239469, 5.357243944554648, 2.279244454048341, 0.9939694065048613, 0.4334724819020691, 0.09556999519874643, 0.04465964723247957, 0.020633850357391306
15s 1989          -7.432725
15s 2023 NM       -7.432725133057824 55700.93468270754, 8480.915415457086, 1950.8557800127292, 557.182501056928, 183.5169062492164, 66.9452431837004, 26.292408610204255, 10.8970405662266, 4.687392541013144, 2.0671006635148093, 0.929727663378237, 0.4161498962503808, 0.09645645603064994, 0.0447053377682147, 0.020588241070742974
16s 1989          -7.4327261
16s 2023 NM       -7.432726091314127 108383.78502289788, 16226.363415099691, 3693.7011797493506, 1046.2700602828618, 341.3587864692768, 123.24330698142248, 48.073540975898595, 19.934541690336648, 8.671158009941555, 3.9039887551472057, 1.8004787715362824, 0.8450384021600028, 0.39261477150076846, 0.09780775215455065, 0.045013568715094925, 0.02064261695344488
17s 1989          -7.4327664
17s 2023 NM       -7.432726455608956 203853.1642597994, 30723.137012910487, 7017.685395129021, 1993.1427540965228, 653.1899444721192, 237.322808677026, 93.18509396837021, 38.86936964470057, 16.96505182767741, 7.642530396665496, 3.5191891650663125, 1.653366260619606, 0.7922576430290429, 0.37655069446441924, 0.09844025802325512, 0.045118608048378056, 0.020655179561434256
18s 1989          -7.4327266
18s 2023 NM       -7.432726611567942 360444.63943958224, 53984.68794238451, 12271.38621354763, 3478.003555294217, 1138.2304740488644, 412.703889791494, 162.0801805638793, 67.92213016864258, 30.0455235663687, 13.870424606701135, 6.57751519787654, 3.1663836846760782, 1.5436832060550598, 0.7606959778535078, 0.3685405227358456, 0.0982922377931715, 0.044976860379264696, 0.0206078141528115
    1989          -7.432727    
====================================================
